Event #,ET,IT (rv),ST (rv),TM,SS ,#WL,AT,DT,#INSYS,TIME between events,,,,Fraction of time busy,Average in the system,
0,,,,0,0,0,0.00,9999.00,0,0,,,,77 %,2.76,
1,Arrival,4.90,1.13,0.00,1,0,4.90,1.13,1,1.13,,,,,,
2,Departure,1.89,4.01,1.13,0,0,4.90,9999.00,0,3.76,,,,,,
3,Arrival,5.92,1.98,4.90,1,0,10.82,6.88,1,1.98,,,,,,
4,Departure,12.50,0.33,6.88,0,0,10.82,9999.00,0,3.94,,,,,,
5,Arrival,4.38,12.49,10.82,1,0,15.20,23.31,1,4.38,,,,,,
6,Arrival,10.74,9.86,15.20,1,1,25.94,23.31,2,8.11,,,,,,
7,Departure,22.14,0.33,23.31,1,0,25.94,23.65,1,0.33,,,,,,
8,Departure,0.30,11.55,23.65,0,0,25.94,9999.00,0,2.30,,,,,,
9,Arrival,1.66,11.32,25.94,1,0,27.60,37.27,1,1.66,,,,,,
10,Arrival,0.55,0.88,27.60,1,1,28.15,37.27,2,0.55,,,,,,
11,Arrival,23.70,7.48,28.15,1,2,51.85,37.27,3,9.11,,,,,,
12,Departure,0.41,11.23,37.27,1,1,51.85,48.50,2,11.23,,,,,,
13,Departure,9.11,5.03,48.50,1,0,51.85,53.53,1,3.36,,,,,,
14,Arrival,8.00,2.28,51.85,1,1,59.85,53.53,2,1.67,,,,,,
15,Departure,3.21,2.98,53.53,1,0,59.85,56.50,1,2.98,,,,,,
16,Departure,2.72,0.05,56.50,0,0,59.85,9999.00,0,3.35,,,,,,
17,Arrival,0.31,0.29,59.85,1,0,60.17,60.14,1,0.29,,,,,,
18,Departure,2.99,14.85,60.14,0,0,60.17,9999.00,0,0.02,,,,,,
19,Arrival,15.60,3.58,60.17,1,0,75.77,63.75,1,3.58,,,,,,
20,Departure,3.62,1.68,63.75,0,0,75.77,9999.00,0,12.02,,,,,,
21,Arrival,0.83,3.25,75.77,1,0,76.60,79.02,1,0.83,,,,,,
22,Arrival,13.17,2.29,76.60,1,1,89.77,79.02,2,2.42,,,,,,
23,Departure,12.90,2.74,79.02,1,0,89.77,81.76,1,2.74,,,,,,
24,Departure,7.58,1.06,81.76,0,0,89.77,9999.00,0,8.02,,,,,,
25,Arrival,4.75,0.55,89.77,1,0,94.52,90.32,1,0.55,,,,,,
26,Departure,3.43,6.79,90.32,0,0,94.52,9999.00,0,4.20,,,,,,
27,Arrival,5.39,5.69,94.52,1,0,99.91,100.21,1,5.39,,,,,,
28,Arrival,0.37,7.49,99.91,1,1,100.28,100.21,2,0.31,,,,,,
29,Departure,0.40,1.83,100.21,1,0,100.28,102.04,1,0.07,,,,,,
30,Arrival,1.81,6.73,100.28,1,1,102.09,102.04,2,1.76,,,,,,
31,Departure,2.79,4.09,102.04,1,0,102.09,106.13,1,0.05,,,,,,
32,Arrival,1.88,2.53,102.09,1,1,103.97,106.13,2,1.88,,,,,,
33,Arrival,2.20,5.79,103.97,1,2,106.17,106.13,3,2.16,,,,,,
34,Departure,0.88,1.40,106.13,1,1,106.17,107.53,2,0.05,,,,,,
35,Arrival,10.74,1.78,106.17,1,2,116.92,107.53,3,1.36,,,,,,
36,Departure,3.25,2.86,107.53,1,1,116.92,110.39,2,2.86,,,,,,
37,Departure,6.90,1.14,110.39,1,0,116.92,111.53,1,1.14,,,,,,
38,Departure,0.24,7.27,111.53,0,0,116.92,9999.00,0,5.39,,,,,,
39,Arrival,16.45,1.93,116.92,1,0,133.36,118.85,1,1.93,,,,,,
40,Departure,6.86,0.55,118.85,0,0,133.36,9999.00,0,14.51,,,,,,
41,Arrival,2.18,4.73,133.36,1,0,135.54,138.10,1,2.18,,,,,,
42,Arrival,0.21,1.23,135.54,1,1,135.75,138.10,2,0.21,,,,,,
43,Arrival,0.11,0.89,135.75,1,2,135.86,138.10,3,0.11,,,,,,
44,Arrival,0.11,4.65,135.86,1,3,135.97,138.10,4,0.11,,,,,,
45,Arrival,10.53,13.42,135.97,1,4,146.50,138.10,5,2.12,,,,,,
46,Departure,3.89,4.69,138.10,1,3,146.50,142.79,4,4.69,,,,,,
47,Departure,10.11,0.78,142.79,1,2,146.50,143.57,3,0.78,,,,,,
48,Departure,2.12,8.04,143.57,1,1,146.50,151.61,2,2.93,,,,,,
49,Arrival,1.78,2.61,146.50,1,2,148.28,151.61,3,1.78,,,,,,
50,Arrival,0.84,0.84,148.28,1,3,149.12,151.61,4,0.84,,,,,,
51,Arrival,7.95,0.61,149.12,1,4,157.07,151.61,5,2.49,,,,,,
52,Departure,1.07,1.00,151.61,1,3,157.07,152.62,4,1.00,,,,,,
53,Departure,0.28,5.10,152.62,1,2,157.07,157.72,3,4.45,,,,,,
54,Arrival,1.01,2.86,157.07,1,3,158.08,157.72,4,0.65,,,,,,
55,Departure,11.22,4.61,157.72,1,2,158.08,162.33,3,0.35,,,,,,
56,Arrival,2.08,1.68,158.08,1,3,160.15,162.33,4,2.08,,,,,,
57,Arrival,4.71,0.36,160.15,1,4,164.86,162.33,5,2.18,,,,,,
58,Departure,1.96,11.74,162.33,1,3,164.86,174.07,4,2.53,,,,,,
59,Arrival,3.97,0.43,164.86,1,4,168.83,174.07,5,3.97,,,,,,
60,Arrival,1.82,8.26,168.83,1,5,170.65,174.07,6,1.82,,,,,,
61,Arrival,0.63,2.57,170.65,1,6,171.28,174.07,7,0.63,,,,,,
62,Arrival,0.22,6.72,171.28,1,7,171.49,174.07,8,0.22,,,,,,
63,Arrival,4.22,1.30,171.49,1,8,175.71,174.07,9,2.57,,,,,,
64,Departure,6.30,1.15,174.07,1,7,175.71,175.22,8,1.15,,,,,,
65,Departure,4.42,4.09,175.22,1,6,175.71,179.31,7,0.50,,,,,,
66,Arrival,2.36,2.76,175.71,1,7,178.07,179.31,8,2.36,,,,,,
67,Arrival,27.16,6.24,178.07,1,8,205.23,179.31,9,1.24,,,,,,
68,Departure,2.75,10.87,179.31,1,7,205.23,190.18,8,10.87,,,,,,
69,Departure,1.35,5.88,190.18,1,6,205.23,196.06,7,5.88,,,,,,
70,Departure,1.26,5.81,196.06,1,5,205.23,201.87,6,5.81,,,,,,
71,Departure,2.59,2.54,201.87,1,4,205.23,204.41,5,2.54,,,,,,
72,Departure,3.19,0.20,204.41,1,3,205.23,204.61,4,0.20,,,,,,
73,Departure,6.06,2.34,204.61,1,2,205.23,206.96,3,0.62,,,,,,
74,Arrival,5.37,4.66,205.23,1,3,210.60,206.96,4,1.73,,,,,,
75,Departure,7.11,6.16,206.96,1,2,210.60,213.12,3,3.64,,,,,,
76,Arrival,3.82,0.64,210.60,1,3,214.42,213.12,4,2.52,,,,,,
77,Departure,4.59,0.05,213.12,1,2,214.42,213.17,3,0.05,,,,,,
78,Departure,1.39,1.78,213.17,1,1,214.42,214.95,2,1.25,,,,,,
79,Arrival,0.41,12.36,214.42,1,2,214.83,214.95,3,0.41,,,,,,
80,Arrival,0.99,0.27,214.83,1,3,215.82,214.95,4,0.12,,,,,,
81,Departure,1.42,1.18,214.95,1,2,215.82,216.13,3,0.87,,,,,,
82,Arrival,3.41,0.93,215.82,1,3,219.23,216.13,4,0.30,,,,,,
83,Departure,2.44,4.64,216.13,1,2,219.23,220.77,3,3.11,,,,,,
84,Arrival,2.77,2.66,219.23,1,3,222.01,220.77,4,1.53,,,,,,
85,Departure,6.46,16.05,220.77,1,2,222.01,236.82,3,1.24,,,,,,
86,Arrival,4.65,3.49,222.01,1,3,226.66,236.82,4,4.65,,,,,,
87,Arrival,2.79,1.07,226.66,1,4,229.45,236.82,5,2.79,,,,,,
88,Arrival,12.83,8.05,229.45,1,5,242.28,236.82,6,7.37,,,,,,
89,Departure,6.30,4.76,236.82,1,4,242.28,241.58,5,4.76,,,,,,
90,Departure,5.82,0.03,241.58,1,3,242.28,241.60,4,0.03,,,,,,
91,Departure,1.80,5.43,241.60,1,2,242.28,247.03,3,0.68,,,,,,
92,Arrival,3.54,2.23,242.28,1,3,245.82,247.03,4,3.54,,,,,,
93,Arrival,16.22,1.48,245.82,1,4,262.03,247.03,5,1.21,,,,,,
94,Departure,0.63,5.33,247.03,1,3,262.03,252.36,4,5.33,,,,,,
95,Departure,4.58,1.30,252.36,1,2,262.03,253.67,3,1.30,,,,,,
96,Departure,8.94,0.10,253.67,1,1,262.03,253.76,2,0.10,,,,,,
97,Departure,1.88,3.14,253.76,1,0,262.03,256.90,1,3.14,,,,,,
98,Departure,16.63,1.46,256.90,0,0,262.03,9999.00,0,5.13,,,,,,
99,Arrival,11.87,4.68,262.03,1,0,273.91,266.72,1,4.68,,,,,,
100,Departure,1.64,0.57,266.72,0,0,273.91,9999.00,0,,,,,,,
